% -------------------------------------------------------------------
%  Generated by MATLAB on 27-Sep-2024 17:37:49
%  MATLAB version: 24.2.0.2729000 (R2024b)
% -------------------------------------------------------------------
                                                                

h1 = 1111;

i = 1;

j = 1;

k = 1;

l = 1;

m = 1;

n1 = 0;

n2 = 0;

n3 = 0;

x1 = 1211;

y1 = 1.345421E+6;

